0 1 1 1
0.050000000000000003 1 1 1
0.10000000000000001 1 1 1
0.14999999999999999 1 1 1
0.20000000000000001 1 1 1
0.25 4 2 2
0.29999999999999999 11 4 4
0.34999999999999998 20 8 8
0.40000000000000002 32 10 9
0.45000000000000001 38 16 16
0.5 19 21 21
0.55000000000000004 19 10.5 32
0.59999999999999998 19 10.5952 21.5
0.65000000000000002 19 10.5952 21.5
0.69999999999999996 2 10.5952 21.5465
0.75 8 10.5952 21.5465
0.80000000000000004 10.3509 1 21.5465
0.84999999999999998 11.4561 2 21.5465
0.90000000000000002 12.9369 3 1
0.94999999999999996 14.1228 4 2
1 14.6796 5.57776 4
1.05 15.2817 6.26331 4
1.1000000000000001 16.1737 6.42297 7
1.1499999999999999 16.5412 6.87924 7
1.2 17.4259 6.87924 8
1.25 18.1025 3.43962 8
1.3 19.0723 3.43962 4
1.3500000000000001 19.3848 3.73035 4.25
1.3999999999999999 20.3425 3.73035 4.25
1.45 21.0202 3.73035 4.25
1.5 21.9976 3.73035 4.25
1.55 22.269 1 1
1.6000000000000001 22.9333 2 1
1.6499999999999999 23.8742 2 2
1.7 24.2073 2.5 2
1.75 24.8197 2.5 2
1.8 25.6134 2.5 2
1.8500000000000001 26.1547 2.5 2
1.8999999999999999 26.7225 1 2
1.95 27.1313 1 2
2 27.679 1 2
2.0499999999999998 28.3575 1 1
2.1000000000000001 28.8126 1 1
2.1499999999999999 29.6006 1 1
2.2000000000000002 30.0368 1 1
2.25 30.5651 1 1
2.2999999999999998 15.4129 1 1
2.3500000000000001 15.4129 1 1
2.3999999999999999 15.4778 2 1
2.4500000000000002 15.7346 2 1
2.5 16.6624 2 1
2.5499999999999998 17.3689 2 1
2.6000000000000001 18.2682 2 1
2.6499999999999999 18.5403 2 1
2.7000000000000002 19.2817 2 1
2.75 20.2443 2 1
2.7999999999999998 20.4412 2 1
2.8500000000000001 21.2103 2 1
2.8999999999999999 21.7693 2 1
2.9500000000000002 22.1793 2 2
3 23.1509 2 2
3.0499999999999998 23.3232 2 2.9
3.1000000000000001 24.1248 2 2.9
3.1499999999999999 24.2902 2 2.9
3.2000000000000002 25.1007 1 2.9
3.25 25.2993 1 2.9
3.2999999999999998 12.8654 2 2.9
3.3500000000000001 12.9431 2 2.9
3.3999999999999999 13.8416 2.9 2.9
3.4500000000000002 14.7531 3.55301 2.9
3.5 15.6753 4.33944 2.9
3.5499999999999998 16.2404 4.33944 2.9
3.6000000000000001 16.6064 5.19763 2.9
3.6499999999999999 17.5451 5.19763 2.9
3.7000000000000002 18.49 6.09735 2.9
3.75 18.598 6.42106 2.9
3.7999999999999998 19.4405 7.02286 2.9
3.8500000000000001 20.3956 7.44171 2.9
3.8999999999999999 20.5423 7.44171 2.9
3.9500000000000002 21.3548 7.44171 2.9
4 22.3175 7.44171 2.9
4.0499999999999998 22.3175 1 2.9
4.0999999999999996 23.2833 1 2.9
4.1500000000000004 24.0862 1 2.9
4.2000000000000002 24.2519 1 2.9
4.25 25.2229 1 2.9
4.2999999999999998 25.2625 1 2.9
4.3499999999999996 26.196 1 2.9
4.4000000000000004 26.6505 1 2.9
4.4500000000000002 27.1711 1 2.9
4.5 27.8979 1 2.9
4.5499999999999998 28.1479 2 2.9
4.5999999999999996 14.425 2 2.9
4.6500000000000004 14.425 2 1
4.7000000000000002 14.4944 2 1
4.75 15.4321 2 2
4.7999999999999998 16.0683 2 2.9
4.8499999999999996 16.62 2 2.9
4.9000000000000004 17.3282 2 3.55301
4.9500000000000002 18.2844 2 4.33944
5 19.245 2 4.33944
5.0499999999999998 19.5034 2 5.19763
5.0999999999999996 20.2094 2 5.39003
5.1500000000000004 21.177 2 6.09735
5.2000000000000002 21.2714 2 6.42106
5.25 22.1475 2 6.42106
5.2999999999999998 23.1204 2 6.42106
5.3499999999999996 23.2069 1 6.42106
5.4000000000000004 24.0955 1 1
5.4500000000000002 25.0726 2 1
5.5 25.0726 2 1
5.5499999999999998 26.0514 2 1
5.5999999999999996 27.0317 2 1
5.6500000000000004 27.6176 2 1
5.7000000000000002 28.0133 2 1
5.75 28.9962 2 1
5.7999999999999998 29.7793 2 1
5.8499999999999996 29.9468 2 1
5.9000000000000004 30.9006 2 2
5.9500000000000002 31.5097 2 2
6 31.8571 2 2
6.0499999999999998 32.8162 2 2
6.0999999999999996 33.0895 2 2
6.1500000000000004 33.7777 2 2
6.2000000000000002 34.4812 2 2
6.25 34.7414 2 2
6.2999999999999998 35.707 2 2
6.3499999999999996 35.707 2 2
6.4000000000000004 36.6745 2 2
6.4500000000000002 36.7834 2 2
6.5 37.6436 2 2
6.5499999999999998 37.8292 2 2
6.5999999999999996 19.1772 2 2
6.6500000000000004 19.1772 2 2
6.7000000000000002 19.2293 2 1
6.75 19.9952 2 1
6.7999999999999998 20.1945 2 2
6.8499999999999996 21.1628 2 2
6.9000000000000004 21.9978 2 2.9
6.9500000000000002 22.1339 2 2.9
7 23.1074 2 3.55301
7.0499999999999998 23.958 1 4.33944
7.0999999999999996 24.2487 1 4.33944
7.1500000000000004 25.0606 2 5.19763
7.2000000000000002 25.9243 2 5.19763
7.25 26.0398 2 5.57555
7.2999999999999998 27.0205 2 5.57555
7.3499999999999996 27.6429 2 5.57555
7.4000000000000004 28.0026 2 5.57555
7.4500000000000002 28.9858 2 1
7.5 29.2265 2 1
7.5499999999999998 29.9368 2 1
7.5999999999999996 30.8908 2 1
7.6500000000000004 31.4684 2 1
7.7000000000000002 32.098 2 1
7.75 32.807 2 1
7.7999999999999998 33.6501 2 1
7.8499999999999996 33.9461 2 1
7.9000000000000004 34.7327 2 1
7.9500000000000002 35.304 2 2
8 35.7266 2 2
8.0500000000000007 36.6662 2 2
8.0999999999999996 37.3689 2 2
8.1500000000000004 37.7418 2 2
8.1999999999999993 38.6065 2 2
8.25 39.1469 2 2
8.3000000000000007 39.5789 2 2
8.3499999999999996 40.5033 2 2
8.4000000000000004 40.6758 2 2
8.4499999999999993 41.5276 2 2
8.5 41.935 2 2
8.5500000000000007 42.5037 2 2
8.5999999999999996 43.0415 2 2
8.6500000000000004 43.4808 2 2
8.6999999999999993 44.3238 2 2
8.75 44.459 2 1
8.8000000000000007 45.4382 2 1
8.8499999999999996 45.9635 2 2
8.9000000000000004 46.5473 2 2
8.9499999999999993 47.3991 2 2.9
9 48.132 2 3.55301
9.0500000000000007 48.8948 2 3.55301
9.0999999999999996 49.5451 2 4.33944
9.1500000000000004 50.3262 2 4.99753
9.1999999999999993 50.8993 2 5.19763
9.25 51.466 2 5.39003
9.3000000000000007 52.295 2 5.39003
9.3499999999999996 52.8089 2 5.39003
9.4000000000000004 53.3178 2 5.39003
9.4499999999999993 54.1554 2 1
9.5 54.6334 2 1
9.5500000000000007 55.2524 2 1
9.5999999999999996 55.8286 2 1
9.6500000000000004 56.2569 2 1
9.6999999999999993 57.0163 2 1
9.75 57.3486 2 1
9.8000000000000007 58.1453 2 1
9.8499999999999996 58.437 2 1
9.9000000000000004 59.2021 2 1
9.9499999999999993 29.6433 2 2
10 29.6433 2 2
10.050000000000001 29.677 2 2
10.1 29.677 2 2
10.15 29.677 2 2
10.199999999999999 29.677 2 2
10.25 1 2 2
10.300000000000001 2 2 2
10.35 4 1 2
10.4 8 2 2
10.449999999999999 14.1425 2 2
10.5 15.1022 2.9 2
10.550000000000001 15.1022 3.55301 2
10.6 16.0667 3.55301 2
10.65 17.0352 4.33944 2
10.699999999999999 17.0352 4.33944 2
10.75 18.007 4.78871 1
10.800000000000001 18.9817 4.78871 1
10.85 18.9817 4.78871 2
10.9 19.9086 4.78871 2
10.949999999999999 20.8422 1 2.9
11 21.223 1 3.24483
11.050000000000001 21.7817 2 3.55301
11.1 22.7263 2 4.33944
11.15 23.2488 2 4.33944
11.199999999999999 23.6754 2 4.56988
11.25 24.6286 2 4.56988
11.300000000000001 25.1513 2 4.56988
11.35 25.5852 2 4.56988
11.4 26.5451 2 1
11.449999999999999 26.8077 2 1
11.5 27.5078 1 1
11.550000000000001 28.3674 1 1
11.6 28.473 2 1
11.65 29.4405 2 1
11.699999999999999 29.8791 2.5 1
11.75 30.4101 2.5 1
11.800000000000001 31.3817 2.5 1
11.85 31.4772 2.5 1
11.9 15.9595 2.5 2
11.949999999999999 15.9595 2.5 2
12 16.0222 2.5 2.9
12.050000000000001 16.9932 2.5 3.24483
12.1 17.9115 2.5 3.55301
12.15 18.1889 2.5 4.33944
12.199999999999999 18.8381 2.5 4.33944
12.25 19.7717 2.5 4.99753
12.300000000000001 20.0233 2.5 4.99753
12.35 20.7115 2.5 4.99753
12.4 21.6567 2.5 4.99753
12.449999999999999 21.6567 2.5 1
12.5 22.6065 2.5 1
12.550000000000001 23.3471 1 1
12.6 23.5605 1 1
12.65 24.5181 1 1
12.699999999999999 24.5181 1 1
12.75 25.4789 1 1
12.800000000000001 25.7912 1 1
12.85 26.4426 1 1
12.9 27.0043 1 1
12.949999999999999 27.4089 1 2
13 28.0584 1 2
13.050000000000001 28.5533 1 2
13.1 29.3482 1 2
13.15 30.3208 1 2
13.199999999999999 30.8766 1 2
13.25 31.2951 1 2
13.300000000000001 32.2709 1 2
13.35 32.7937 1 2
13.4 33.2482 1 2
13.449999999999999 34.1682 1 2
13.5 34.3435 1 2
13.550000000000001 35.2065 1 2
13.6 35.8262 1 2
13.65 36.1874 1 2
13.699999999999999 37.1692 1 2
13.75 37.1692 1 1
13.800000000000001 38.152 1 1
13.85 38.3873 1 2
13.9 39.1357 1 2
13.949999999999999 39.9703 1 2
14 40.2695 1 2
14.050000000000001 41.1054 1 2
14.1 41.7093 1 2
14.15 42.0913 1 2
14.199999999999999 43.0546 1 2
14.25 43.4938 1 2
14.300000000000001 44.1104 1 2
14.35 45.0527 1 2
14.4 45.6701 2 2
14.449999999999999 46.1061 2 2
14.5 47.0296 2.9 2
14.550000000000001 47.5373 2.9 2
14.6 48.0188 2.9 2
14.65 48.9676 2.9 2
14.699999999999999 49.3542 2.9 2
14.75 49.9985 2.9 2
14.800000000000001 50.6543 1 2
14.85 50.9693 1 2
14.9 51.9027 1 2
14.949999999999999 52.1526 1 2
15 52.9141 1 2
15.050000000000001 53.2908 1 2
15.1 53.8881 1 2
15.15 53.8881 1 2
15.199999999999999 53.8881 1 2
15.25 53.8881 1 2
15.300000000000001 1 1 2
15.35 1 1 2
15.4 1 1 2
15.449999999999999 1 2 1
15.5 1 2 2
15.550000000000001 1 2 2
15.6 1 2 2
15.65 1 2 2
15.699999999999999 1 2 2
15.75 1 2 2
15.800000000000001 1 2 2
15.85 1 2 2
15.9 1 2 2
15.949999999999999 1 2 2
16 1 2 2
16.050000000000001 1 2 2
16.100000000000001 1 2 2
16.149999999999999 1 2 2
16.199999999999999 1 2 2
16.25 1 2 2
16.300000000000001 1 2 2
16.350000000000001 1 2 2
16.399999999999999 1 2 2
16.449999999999999 1 2 2
16.5 1 2 2
16.550000000000001 1 2 2
16.600000000000001 1 2 2
16.649999999999999 1 1 2
16.699999999999999 1 1 2
16.75 1 1 2
16.800000000000001 1 1 2
16.850000000000001 1 1 2
16.899999999999999 1 1 2
16.949999999999999 1 1 2
