0.000631 0 0 0 0 0 0 0 0 0 0 0 0 0 0 0 0 0 0 0 0 0 0 0 0 0 0 
0.050256 0 2 0 3 0 0 0 0 0 0 0 4 0 0 3 0 0 4 0 0 0 0 4 0 0 0 
0.100067 0 4 0 12 0 0 3 0 3 0 0 4 2 2 3 6 0 10 2 3 0 2 5 1 0 0 
0.150098 1 5 1 18 0 1 7 0 4 0 0 3 3 8 2 7 0 12 6 8 0 4 4 2 0 0 
0.200114 2 11 2 21 6 1 8 2 4 2 0 2 2 10 3 11 0 22 7 11 0 16 4 2 0 0 
0.250041 3 10 1 30 8 2 7 3 10 2 0 2 3 11 3 16 1 24 11 10 0 18 4 2 2 0 
0.300150 6 12 2 41 8 2 11 3 9 1 0 5 3 13 7 19 2 22 11 10 0 17 4 2 3 0 
0.350155 6 13 2 56 11 2 16 3 10 2 0 4 3 11 10 19 2 25 10 11 0 18 4 3 3 0 
0.400012 7 11 2 79 12 1 20 3 10 2 0 4 8 14 11 23 1 24 13 13 1 21 4 3 4 0 
0.450025 8 13 1 96 16 2 28 3 15 4 0 4 9 20 11 26 2 26 20 21 2 23 6 3 4 0 
0.500076 11 13 2 113 23 4 34 3 16 4 0 9 9 20 11 23 2 27 25 24 1 21 7 4 4 0 
0.550035 18 16 2 121 29 3 36 3 15 4 0 10 9 20 11 26 7 32 27 26 2 25 7 5 5 0 
0.600054 16 10 2 138 26 5 41 3 15 3 0 10 9 19 12 36 7 31 33 27 1 21 9 12 7 0 
0.650048 16 9 1 144 27 4 42 4 15 5 0 9 8 21 12 30 6 30 37 27 2 27 11 10 10 0 
0.700134 16 11 2 175 30 4 43 5 16 3 0 11 9 26 15 39 7 32 37 30 7 29 9 10 16 3 
0.750010 18 8 2 172 37 4 43 5 18 6 0 10 9 24 22 41 9 35 35 30 6 32 12 11 16 4 
0.800014 27 9 2 182 43 4 47 5 16 5 2 13 9 27 24 43 7 38 42 33 6 33 11 12 17 4 
0.850002 26 9 1 199 43 4 49 6 18 7 2 15 9 29 23 47 9 39 45 32 6 37 13 13 16 7 
0.900072 28 13 2 213 43 4 62 5 20 5 8 13 9 29 24 47 13 43 53 34 7 39 17 13 17 9 
0.950028 31 9 2 241 43 5 60 5 20 7 10 13 9 31 25 48 11 47 60 36 5 43 17 14 17 10 
1.000007 33 11 4 264 44 4 65 5 24 6 10 14 9 30 24 48 13 55 61 38 7 45 18 12 17 10 
1.050022 32 9 5 270 46 4 68 6 27 7 11 15 9 32 26 54 11 56 64 40 6 46 15 13 19 11 
1.100037 32 12 5 291 48 4 70 6 29 6 9 14 10 35 25 57 10 56 65 40 7 48 19 12 18 12 
1.150045 34 13 6 289 47 5 76 5 40 7 10 13 13 33 29 54 12 56 66 44 7 49 17 12 20 12 
1.200025 35 12 5 300 48 6 72 6 39 6 11 14 14 35 26 58 13 57 68 46 10 50 17 12 21 11 
1.250029 35 11 6 314 52 9 76 5 42 7 10 14 13 34 28 55 17 54 71 43 9 52 17 13 20 13 
1.300021 36 13 4 315 50 9 83 5 39 6 10 13 13 35 26 62 17 57 64 49 11 51 17 13 23 11 
1.350004 37 14 6 333 49 12 81 5 39 7 10 15 14 41 30 60 16 53 76 55 11 54 18 13 23 11 
1.400006 37 11 5 345 45 16 87 6 43 6 11 17 14 43 30 71 17 56 68 58 13 53 17 10 20 11 
1.450004 35 13 6 352 40 18 91 5 39 7 10 18 18 44 31 70 16 56 76 52 17 52 17 8 21 17 
1.500007 36 12 8 348 43 15 100 5 45 8 10 17 20 43 32 74 18 59 80 58 18 52 18 8 20 16 
1.550007 35 13 11 365 43 15 97 6 45 16 9 18 24 44 29 80 18 57 76 60 20 48 17 11 23 17 
1.600025 35 12 9 372 41 12 100 5 44 12 14 20 25 44 29 76 18 64 79 67 18 55 17 11 27 16 
1.650044 33 13 9 373 43 14 107 5 46 16 13 20 26 44 35 86 19 71 85 77 21 54 17 10 31 16 
1.700001 29 15 10 387 41 12 113 5 50 13 13 16 22 43 38 83 22 78 87 74 18 51 18 11 32 15 
1.750016 33 14 10 397 44 14 110 6 51 16 14 27 20 41 38 79 20 78 83 76 19 58 18 10 31 17 
1.800001 30 15 10 416 46 13 122 5 46 12 14 24 21 41 37 90 23 88 82 74 18 60 18 12 35 17 
1.850004 33 15 9 424 45 13 126 5 47 14 13 24 22 41 37 86 21 91 88 77 20 66 19 12 42 19 
1.900010 30 17 10 435 46 14 131 5 47 11 14 29 19 40 41 95 22 93 100 76 18 65 18 13 46 20 
1.950011 30 21 6 437 42 13 133 7 48 13 13 32 21 41 49 89 23 109 106 76 20 73 20 14 46 20 
1.999999 33 19 11 458 44 13 144 5 46 11 16 29 22 40 62 81 21 115 112 79 21 70 17 14 47 22 
2.050004 35 24 11 470 45 11 140 9 47 13 12 27 21 41 57 85 21 115 116 76 22 73 19 17 45 22 
2.100002 36 20 11 476 45 15 139 11 50 12 14 28 22 47 62 88 24 110 125 82 22 79 19 14 49 23 
2.150006 36 24 11 478 50 12 154 9 46 15 13 27 24 42 58 88 22 114 123 80 22 87 18 18 50 23 
2.200001 41 20 13 485 52 14 152 10 50 13 15 28 25 49 61 84 25 122 124 83 23 82 19 17 50 21 
2.250018 40 20 13 482 54 12 154 12 48 15 12 27 27 45 62 93 25 120 124 83 21 83 18 18 55 23 
2.300006 36 26 15 489 53 14 155 12 51 15 15 28 24 47 59 94 21 124 136 87 22 87 18 18 56 22 
2.350013 42 22 15 492 56 13 153 12 51 15 13 27 23 45 64 92 23 129 129 89 21 79 20 19 54 22 
2.400016 47 22 16 531 56 13 157 13 52 18 13 26 27 47 54 102 25 127 132 89 26 78 18 18 54 24 
2.450027 46 23 16 537 56 13 155 12 48 18 15 26 25 45 58 99 22 136 134 98 28 79 20 20 62 26 
2.500000 52 25 17 541 57 13 147 12 53 17 13 26 26 49 57 98 24 131 131 94 28 79 16 23 60 23 
2.549999 47 25 17 542 59 13 147 14 52 15 14 25 29 46 59 98 22 137 140 104 30 79 20 25 64 27 
2.599999 48 23 17 562 58 12 155 18 53 15 15 26 26 54 63 102 26 136 132 108 33 83 18 25 69 33 
2.650037 51 23 21 571 57 15 143 20 56 14 12 27 30 48 57 103 23 138 137 107 35 88 18 23 70 33 
2.700016 49 24 20 575 57 11 144 18 60 16 15 26 29 45 58 105 23 137 132 103 35 88 19 25 69 31 
2.750011 50 26 25 593 62 15 145 21 61 15 12 24 30 56 55 107 24 143 133 98 38 91 22 25 64 32 
2.800004 46 28 22 596 68 13 159 20 60 17 15 25 32 47 58 104 25 143 130 107 39 87 21 25 67 34 
2.850001 51 25 23 601 70 12 152 23 56 16 13 21 31 50 56 109 22 147 135 107 39 95 18 26 71 33 
2.900002 57 25 21 604 67 13 167 22 60 16 14 22 33 52 58 103 25 159 133 109 36 93 22 27 67 33 
2.950003 61 25 23 591 71 14 168 21 57 14 13 21 31 47 57 110 22 160 135 106 38 95 21 25 71 35 
3.000029 67 23 24 623 68 13 170 25 58 15 15 21 30 52 48 107 23 163 137 106 38 100 20 26 71 34 
3.050001 61 26 23 607 69 12 159 21 56 14 13 22 36 49 59 109 24 164 142 106 38 99 26 23 71 35 
3.100010 66 25 27 631 72 14 173 23 58 14 14 22 39 55 62 111 25 161 137 107 41 99 26 27 81 32 
3.150026 64 25 31 633 71 13 162 25 60 13 13 21 38 59 64 112 23 165 144 107 38 101 26 22 81 33 
3.200028 67 26 29 642 69 13 163 26 58 14 13 21 36 56 59 123 25 167 142 104 37 96 23 26 87 35 
3.250006 63 23 27 654 70 12 171 25 58 14 15 22 37 59 62 124 22 163 146 112 38 104 24 25 81 41 
3.300002 71 27 31 645 69 14 168 25 56 18 14 21 32 57 60 121 24 170 153 108 39 91 27 24 81 40 
3.350007 75 22 31 677 68 12 176 26 60 20 12 26 27 56 64 109 23 172 158 111 40 98 24 25 85 42 
3.399999 67 27 32 676 69 14 172 21 57 25 16 24 28 57 61 113 24 179 149 110 43 101 29 26 90 41 
3.450005 64 31 31 684 70 13 172 21 60 23 12 23 28 60 64 113 27 173 156 113 43 101 31 30 88 45 
3.500013 71 29 33 710 70 14 177 21 58 24 14 26 31 60 66 122 27 179 152 114 43 102 27 26 91 47 
3.550021 68 36 30 692 72 12 177 22 62 23 13 27 32 56 73 124 22 187 142 117 45 101 31 30 97 46 
3.600015 72 33 31 707 72 14 184 21 58 24 14 25 35 53 73 126 27 180 142 118 42 100 30 30 99 51 
3.650009 72 41 27 723 67 13 183 21 62 27 15 25 37 57 73 127 26 190 147 120 46 107 30 34 97 52 
3.700000 73 39 32 733 78 12 181 22 59 25 15 25 37 55 76 134 30 180 145 124 46 103 28 34 98 51 
3.750001 74 40 29 737 78 11 187 25 59 29 15 28 36 55 76 127 32 177 148 123 51 107 31 31 102 51 
3.799999 78 39 33 743 82 11 188 22 57 26 16 29 40 55 63 132 30 179 144 125 56 101 32 35 96 50 
3.850008 82 41 31 748 83 17 197 18 57 27 15 28 35 55 64 143 31 178 161 131 56 106 28 29 100 50 
3.900005 80 39 31 755 80 16 197 22 56 27 14 28 37 58 62 143 36 178 153 133 58 102 30 31 101 55 
3.949999 80 38 37 769 77 18 190 27 54 27 16 29 37 55 68 149 33 192 160 131 57 113 29 30 102 50 
4.000012 89 35 38 766 85 15 204 27 55 27 16 29 37 57 62 143 38 189 158 128 59 107 32 30 100 51 
4.050021 80 36 29 761 78 19 195 27 62 27 16 28 39 58 67 151 34 192 162 137 60 114 32 32 107 49 
4.100009 86 38 31 771 83 16 212 27 62 26 19 31 37 59 69 154 37 191 171 135 61 108 33 27 102 47 
4.149999 87 37 38 798 78 15 211 25 58 27 16 37 37 58 64 159 32 195 169 140 59 110 32 34 103 49 
4.200001 83 40 37 798 81 12 208 28 52 27 18 36 38 60 72 159 41 196 174 139 60 105 34 29 110 48 
4.250002 85 43 40 812 81 15 210 23 59 28 16 38 35 59 72 160 42 194 159 140 59 110 33 31 105 48 
4.300008 81 43 39 823 77 13 209 24 55 27 18 38 34 61 68 164 46 196 176 135 63 106 31 29 105 49 
4.350009 86 41 41 811 77 13 217 26 58 27 18 36 36 59 70 163 48 193 161 136 62 108 34 30 101 46 
4.400001 82 39 44 834 77 20 219 23 54 29 16 39 36 65 69 163 55 195 177 133 64 106 36 35 94 44 
4.450014 84 42 46 834 77 20 208 25 52 28 18 40 35 65 72 167 48 200 171 139 65 109 33 29 97 49 
4.500001 82 43 40 841 80 19 220 25 50 29 16 40 33 58 76 163 52 198 166 132 63 109 37 39 96 56 
4.550022 83 42 49 852 78 21 227 25 56 30 17 41 32 65 74 174 49 207 171 140 65 112 40 36 99 43 
4.600007 83 47 44 864 82 23 227 24 52 32 18 43 34 65 75 167 53 204 161 138 64 109 32 35 101 50 
4.650009 80 42 46 878 75 21 240 27 52 35 17 42 31 65 73 171 48 201 178 138 63 114 36 34 93 49 
4.700003 88 43 47 856 80 24 237 22 54 35 17 41 36 62 78 171 53 206 162 144 70 111 37 36 97 52 
4.750001 86 47 44 887 72 21 238 27 50 39 16 43 42 63 72 182 45 199 165 134 69 109 37 37 94 52 
4.800008 86 42 50 885 72 23 230 23 53 39 18 42 41 63 77 186 52 215 161 143 70 108 32 32 93 56 
4.850005 88 47 48 891 80 20 237 26 54 39 17 43 43 63 72 183 50 215 158 138 73 114 41 34 93 52 
4.900003 92 39 48 886 78 23 225 22 46 37 17 44 41 70 75 185 50 221 162 143 74 111 34 33 93 53 
4.950002 93 45 46 887 78 21 233 29 45 36 18 43 42 69 71 187 49 212 160 142 74 114 36 35 96 48 
5.000013 91 45 50 913 77 23 239 21 57 40 21 44 41 71 74 189 51 226 166 146 75 118 34 38 95 55 
5.050014 85 49 48 896 80 23 230 21 55 36 20 46 42 66 72 181 46 215 167 146 87 120 31 37 96 54 
5.100020 82 47 49 914 80 23 238 29 57 40 21 46 41 75 72 178 52 222 186 150 87 111 30 41 96 51 
5.150016 78 47 49 924 81 24 243 27 57 45 19 49 45 70 68 183 53 234 197 150 89 118 30 39 92 54 
5.200014 78 47 53 928 82 24 238 31 60 40 27 45 41 74 72 190 54 227 199 148 91 113 35 38 98 55 
5.250004 81 51 51 927 80 26 237 27 61 45 26 46 44 67 75 196 51 230 206 155 81 106 31 38 99 58 
5.300004 78 51 48 937 77 24 230 29 60 44 30 48 44 68 70 182 58 233 218 151 89 120 31 37 94 55 
5.350006 76 54 58 930 83 28 236 28 66 43 29 50 39 62 70 189 60 239 215 146 84 112 30 39 100 56 
5.400009 76 56 56 928 84 23 231 27 63 43 28 50 45 59 76 187 60 233 225 152 87 118 32 41 103 53 
5.450006 77 54 59 914 79 23 242 29 68 45 30 56 44 57 65 196 59 231 217 159 86 113 31 36 96 49 
5.500010 78 57 58 920 81 20 235 35 59 46 29 56 43 60 74 190 57 241 222 160 85 113 34 44 102 51 
5.550008 71 59 59 908 82 23 232 38 67 46 29 51 42 58 70 201 60 226 218 163 94 111 32 42 107 48 
5.600013 72 55 59 924 83 21 233 36 68 45 28 55 41 64 75 194 61 252 220 163 92 116 29 42 103 51 
5.650010 75 60 60 936 80 22 240 38 65 43 31 55 39 62 75 203 57 244 226 164 92 103 33 43 102 50 
5.700012 74 58 57 941 84 21 234 38 70 44 30 56 41 60 69 189 59 255 221 160 92 113 31 49 109 52 
5.750009 72 64 59 928 80 21 241 34 70 41 33 54 39 58 66 201 58 264 224 163 97 107 32 43 106 49 
5.800008 73 56 56 930 88 23 233 41 72 44 28 55 40 61 69 196 58 263 219 175 98 114 32 46 105 57 
5.850009 76 62 59 922 81 20 236 34 79 46 30 55 39 60 63 209 59 277 222 171 94 112 32 47 114 51 
5.900022 71 56 60 936 84 23 239 38 71 42 32 54 38 56 70 205 56 263 221 171 93 109 28 45 111 55 
5.950014 74 59 55 938 79 21 234 38 73 43 25 60 41 62 70 205 54 270 222 167 101 106 28 49 112 54 
6.000015 73 61 58 946 72 21 233 39 73 39 30 57 43 61 68 218 59 269 227 170 94 107 31 48 107 56 
6.050017 75 58 61 950 79 21 231 40 65 43 31 57 46 59 69 203 58 254 221 175 98 112 32 45 114 53 
6.100013 74 60 57 946 75 22 231 37 77 40 26 54 45 59 70 211 55 259 232 181 100 111 30 47 106 52 
6.150006 73 64 57 948 76 21 232 40 66 43 31 55 44 61 70 223 60 262 232 177 95 101 33 43 107 51 
6.200016 73 61 59 960 75 17 214 38 62 44 26 44 43 59 68 218 52 252 228 182 105 106 35 45 107 50 
6.250014 71 67 56 954 74 16 220 41 61 44 23 41 41 56 73 215 48 258 237 177 92 109 28 43 113 47 
6.300009 80 62 66 954 74 16 218 40 62 42 24 44 39 54 73 205 52 249 223 170 91 108 30 46 108 49 
6.350013 71 68 56 982 72 16 229 37 58 43 21 46 41 55 76 209 51 254 235 177 91 105 31 47 113 52 
6.400009 78 70 59 989 73 18 225 38 59 42 26 44 40 55 80 208 49 254 236 167 86 106 29 36 113 57 
6.450011 74 69 63 992 79 16 222 41 52 44 21 50 43 59 86 213 51 249 238 171 86 108 33 52 115 52 
6.500010 79 71 62 1001 77 16 231 37 61 42 20 46 43 53 83 213 47 251 246 172 85 106 29 41 110 54 
6.550014 74 72 61 1020 77 17 226 39 53 43 21 46 48 61 78 209 49 259 259 170 86 113 30 49 107 57 
6.600008 77 73 66 986 73 16 231 39 56 42 15 44 45 63 78 215 50 269 245 175 81 105 30 50 113 50 
6.650009 79 81 64 1020 82 15 239 39 57 45 19 44 48 61 83 213 49 254 241 171 86 121 32 51 110 50 
6.700010 73 82 64 989 75 17 225 37 55 45 19 44 50 62 84 212 52 273 264 175 77 119 33 52 114 51 
6.750008 81 83 64 1013 82 16 234 39 58 44 20 40 46 61 83 213 49 259 262 168 84 116 34 50 111 51 
6.800012 75 82 61 1019 83 17 222 40 56 43 19 44 48 62 81 209 45 272 280 179 85 113 34 53 114 50 
6.850010 82 82 62 1030 80 17 224 39 53 43 17 41 50 61 83 213 49 265 268 174 86 118 35 45 114 49 
6.900012 72 82 62 1028 81 16 224 40 56 47 19 40 49 78 88 215 47 274 283 171 83 112 34 49 113 57 
6.950010 76 83 60 1026 83 16 228 42 51 46 14 38 49 77 81 224 49 274 275 175 87 116 34 46 111 60 
7.000010 77 78 62 1061 80 16 231 39 56 46 9 38 51 82 86 219 51 272 265 171 86 113 36 49 117 59 
7.050010 74 77 58 1035 81 18 219 41 55 43 11 37 50 84 83 220 50 273 276 186 89 114 33 48 120 55 
7.100014 83 71 59 1055 83 17 220 37 53 43 10 36 55 78 85 219 50 286 274 182 79 120 33 46 116 58 
7.150027 76 71 62 1057 79 15 236 46 46 53 10 38 55 82 87 216 50 279 272 177 82 109 42 48 119 60 
7.200016 80 71 62 1035 77 16 225 38 54 49 9 41 53 78 87 218 47 286 273 182 83 126 41 53 118 57 
7.250013 78 73 62 1062 84 18 230 38 56 51 12 37 53 80 81 227 52 274 283 177 85 112 38 46 130 59 
7.300011 83 66 61 1051 79 23 240 43 57 48 11 39 53 76 75 227 52 297 269 178 94 121 45 41 122 57 
7.350043 83 68 59 1066 81 23 243 48 52 51 10 35 58 82 81 226 53 274 281 177 97 119 41 44 133 60 
7.400015 77 75 63 1074 83 27 240 42 51 51 12 39 55 75 75 212 49 291 267 170 96 122 43 41 121 58 
7.450014 76 75 59 1031 81 25 255 45 52 47 14 40 54 82 76 227 52 263 279 176 96 111 41 47 135 54 
7.500021 81 75 62 1046 81 26 242 42 50 49 10 39 59 81 80 222 53 294 261 176 102 122 48 48 123 62 
7.550027 88 74 63 1055 80 28 250 43 52 49 13 42 55 77 78 221 51 276 283 179 102 115 51 50 122 55 
7.600032 79 67 60 1031 82 24 254 44 51 50 14 40 54 80 77 225 49 284 271 183 102 121 51 51 121 60 
7.650023 85 61 62 1055 76 26 247 45 61 51 11 39 57 73 77 229 57 292 286 179 104 126 52 51 108 57 
7.700016 81 73 65 1062 81 28 258 36 66 46 11 38 53 85 79 232 53 286 281 180 103 121 49 53 115 62 
7.750023 75 66 64 1087 86 22 257 42 63 49 13 41 60 77 78 230 54 293 293 180 104 126 49 51 117 55 
7.800014 80 62 59 1067 81 27 264 40 68 50 12 38 53 79 76 227 50 276 287 177 104 114 53 50 121 60 
7.850068 79 70 63 1061 88 24 261 41 70 50 13 43 56 88 78 231 54 278 298 179 88 114 53 53 118 58 
7.900020 75 65 62 1074 83 26 254 45 68 50 15 43 58 87 77 235 51 273 286 173 109 119 49 51 115 59 
7.950023 78 69 57 1077 86 23 271 42 67 48 10 42 56 90 78 238 50 261 299 168 101 115 56 50 117 57 
8.000027 83 69 60 1077 87 25 261 44 65 51 12 41 58 92 74 226 47 289 297 163 97 123 49 55 114 61 
8.050022 80 65 59 1087 81 29 267 44 63 58 14 41 54 98 83 241 46 280 294 159 92 114 50 48 114 60 
8.100014 87 68 62 1090 83 27 265 44 63 61 12 40 60 96 82 242 45 271 292 164 102 117 54 49 119 66 
8.150021 70 63 66 1061 91 27 265 45 67 63 12 45 51 92 77 235 48 277 287 168 104 124 57 56 110 68 
8.200014 73 64 63 1097 89 29 261 40 64 73 14 46 55 99 81 232 45 271 305 166 100 120 53 48 121 63 
8.250015 72 61 67 1101 88 30 263 47 62 70 12 46 56 93 74 227 49 281 291 170 105 121 52 52 115 65 
8.300016 69 60 64 1094 91 30 272 41 64 69 22 48 54 94 82 226 44 268 296 166 93 115 52 54 126 68 
8.350019 69 67 67 1090 78 29 285 45 67 65 16 44 57 89 75 223 49 258 280 169 103 118 60 49 115 61 
8.400033 64 56 62 1112 86 30 273 40 66 71 21 47 58 92 81 228 47 266 293 170 87 120 53 52 116 65 
8.450016 63 59 69 1092 90 31 274 38 66 62 21 46 57 87 80 223 47 266 283 171 95 110 54 48 122 66 
8.500019 72 61 60 1116 84 31 267 34 71 63 19 45 56 90 79 230 44 263 281 178 92 112 51 55 109 67 
8.550027 67 59 65 1123 84 33 268 39 65 66 17 46 59 96 76 239 49 261 277 182 92 119 50 47 116 68 
8.600019 68 71 65 1113 84 33 265 36 68 66 22 49 55 88 74 229 45 253 300 183 83 117 54 52 113 58 
8.650016 66 63 63 1106 86 30 263 40 67 66 20 43 60 97 74 240 48 252 273 183 91 104 53 49 111 63 
8.700021 68 71 58 1140 87 35 266 36 68 64 19 43 57 92 70 241 46 259 296 178 83 124 51 52 114 57 
8.750020 65 67 66 1122 87 33 275 41 73 61 17 38 56 98 73 239 47 253 282 187 93 115 50 45 107 56 
8.800022 60 68 66 1120 82 31 264 37 70 71 17 41 58 97 77 257 45 242 295 184 87 110 48 44 114 51 
8.850019 66 70 62 1146 81 33 263 38 69 70 18 42 56 99 74 251 47 258 286 188 87 115 46 48 113 53 
8.900017 66 66 67 1121 84 30 270 37 69 59 23 40 57 94 79 259 47 245 286 183 90 109 43 45 99 52 
8.950020 74 65 65 1147 83 36 271 39 72 62 16 35 60 85 78 255 46 249 295 190 91 110 38 47 110 59 
9.000024 74 69 76 1132 83 33 274 34 84 59 22 38 54 95 79 258 46 263 301 196 85 95 38 47 100 56 
9.050030 76 66 75 1140 83 32 270 39 74 57 16 38 59 93 83 247 44 257 293 199 84 112 38 49 103 63 
9.100024 73 77 68 1124 78 25 277 38 87 57 21 36 57 85 79 259 44 269 295 201 88 116 35 52 102 62 
9.150024 76 73 69 1142 84 30 273 40 81 56 21 38 55 94 84 251 42 257 292 200 90 112 39 54 107 61 
9.200018 69 72 68 1140 82 28 277 37 75 59 18 42 60 92 82 250 49 278 288 210 91 110 38 50 110 55 
9.250023 76 77 72 1143 83 30 266 35 82 57 17 46 60 91 76 254 43 274 300 197 95 122 37 51 108 57 
9.300022 70 72 72 1111 83 28 258 39 85 54 19 47 55 97 80 265 48 271 291 195 93 116 44 52 110 54 
9.350037 73 72 65 1108 89 28 262 35 75 60 19 49 61 95 80 262 48 268 291 210 96 120 39 49 102 50 
9.400030 72 75 68 1103 83 32 263 38 93 51 19 47 60 100 81 261 51 278 292 206 95 111 36 50 108 55 
9.450026 74 83 64 1106 95 34 260 35 80 59 21 47 64 101 79 258 53 271 286 212 91 118 32 51 109 49 
9.500027 72 79 65 1136 94 38 260 38 88 53 17 50 59 101 79 260 47 269 291 212 88 120 35 47 101 50 
9.550037 75 79 64 1131 99 33 269 36 85 53 23 47 59 99 85 263 52 262 307 212 88 116 32 49 103 48 
9.600027 75 77 63 1121 93 41 264 39 82 58 17 54 56 97 81 276 52 275 289 220 91 125 32 49 106 49 
9.650029 91 82 63 1119 98 32 262 33 84 51 18 54 58 101 84 254 51 262 308 215 89 113 26 51 105 53 
9.700026 85 73 59 1115 99 31 268 39 80 58 17 55 56 98 78 276 52 265 302 221 86 125 30 48 99 55 
9.750023 87 76 70 1116 95 32 267 36 87 54 16 56 55 106 83 266 53 253 294 219 92 121 23 50 100 50 
9.800060 87 69 65 1129 91 33 271 36 74 58 17 56 57 101 80 262 54 261 301 218 87 127 28 43 100 49 
9.850027 84 71 73 1133 96 27 267 38 78 60 20 51 54 105 80 272 52 261 293 222 84 127 28 46 99 46 
9.900028 81 63 69 1119 90 35 268 39 80 59 18 58 50 94 78 285 54 261 293 225 94 131 27 54 102 45 
9.950021 87 70 68 1114 92 33 266 37 79 58 16 52 57 100 83 267 51 266 293 229 80 137 27 51 99 51 
10.000021 80 68 63 1131 87 30 274 39 79 59 16 53 50 96 81 273 52 255 293 209 89 135 26 52 101 52 
10.050022 80 68 61 1114 92 32 262 37 81 64 17 56 47 97 84 273 57 273 299 224 77 140 27 50 98 51 
10.100029 81 68 64 1075 93 30 257 39 83 62 15 54 47 91 82 263 52 250 279 214 80 133 27 53 98 52 
10.150037 80 66 63 1085 85 31 274 41 71 58 16 53 41 98 80 243 48 260 289 214 83 147 23 54 99 50 
10.200025 83 63 63 1071 89 31 253 40 81 59 17 53 42 95 84 248 45 250 281 210 74 130 28 52 92 52 
10.250022 77 64 62 1052 89 31 251 41 73 63 15 56 40 91 85 233 51 241 275 211 75 142 28 51 95 49 
10.300023 80 64 66 1029 83 30 250 40 84 59 17 52 38 99 80 234 48 236 281 211 77 135 24 53 89 47 
10.350032 80 65 58 1023 89 31 237 40 72 60 15 53 40 90 81 235 47 243 277 194 66 123 28 52 95 45 
10.400025 78 64 68 996 85 29 249 42 73 65 15 56 36 89 81 229 49 234 269 203 73 130 26 53 88 40 
10.450027 76 60 61 982 85 30 238 40 82 55 15 54 38 84 79 234 46 240 281 193 67 125 24 51 82 41 
10.500031 66 56 61 964 88 31 227 42 72 62 15 55 37 87 84 232 51 235 265 197 68 120 27 52 90 40 
10.550032 72 55 61 965 85 33 236 36 73 61 15 52 38 87 77 230 51 250 281 195 66 111 27 53 85 38 
10.600030 72 55 63 954 86 31 226 38 71 57 13 58 37 83 74 220 48 229 266 191 71 111 27 55 86 40 
10.650028 72 51 61 944 86 34 233 36 72 64 13 53 36 88 81 225 46 238 267 190 72 119 26 47 86 38 
10.700026 65 56 62 939 84 32 234 33 68 56 15 54 34 82 76 222 50 228 263 186 65 116 27 49 81 36 
10.750027 70 55 60 923 85 32 226 34 74 65 14 55 38 80 72 217 46 236 252 185 66 115 26 48 85 40 
10.800025 68 51 60 920 82 32 230 35 65 58 14 51 36 80 78 229 48 227 251 184 67 112 24 40 77 41 
10.850026 69 46 63 914 84 30 224 34 60 63 15 51 34 78 76 215 47 230 251 181 64 119 28 41 80 37 
10.900025 73 48 59 898 82 31 224 30 65 61 15 49 34 85 78 218 46 220 246 177 65 112 24 38 79 41 
10.950032 60 49 54 904 82 29 227 33 61 65 17 49 34 81 74 215 48 217 241 179 66 120 18 39 79 37 
11.000031 63 50 52 873 81 29 220 29 63 50 14 51 35 82 74 217 46 199 247 184 62 117 20 34 75 38 
11.050028 59 44 55 859 77 28 217 33 63 51 12 47 31 83 74 218 50 201 237 166 61 107 19 35 69 39 
11.100036 64 48 54 864 78 29 215 32 57 46 16 47 35 82 74 213 44 195 239 162 53 113 22 34 75 39 
11.150025 59 45 50 861 77 30 211 33 62 52 13 47 31 76 73 212 46 190 226 152 58 110 17 34 67 38 
11.200036 61 49 54 834 73 28 214 30 62 45 14 46 36 81 68 203 43 189 224 154 54 112 20 33 77 38 
11.250030 54 47 51 824 77 27 206 32 62 48 14 44 34 79 69 210 49 191 226 147 56 111 22 32 67 33 
11.300031 61 47 52 812 70 28 200 29 58 45 11 46 26 84 70 209 45 185 220 154 56 104 17 35 72 35 
11.350026 54 44 53 817 71 29 196 30 67 44 14 44 26 83 68 199 42 187 224 144 57 104 21 32 73 34 
11.400030 54 49 49 806 68 26 195 29 58 43 13 45 22 83 66 201 42 185 224 132 54 97 20 34 73 34 
11.450034 56 45 53 800 69 25 197 30 63 45 12 40 26 76 63 199 43 186 225 140 55 105 18 35 70 36 
11.500028 50 48 52 780 64 27 192 28 61 42 14 42 24 81 64 202 39 173 220 137 57 94 19 35 72 32 
11.550032 55 45 52 761 67 25 186 29 62 43 11 42 24 82 59 188 42 175 224 140 56 94 16 32 67 32 
11.600047 46 44 53 751 69 20 183 31 61 39 13 38 26 79 61 185 42 169 217 132 55 93 16 34 68 33 
11.650043 51 48 50 737 68 20 190 26 58 34 14 36 24 85 59 171 37 168 213 133 57 87 16 33 66 35 
11.700047 52 47 48 727 68 19 183 26 57 35 12 31 24 71 59 178 37 166 212 127 54 85 18 34 66 35 
11.750035 50 46 50 721 65 21 182 25 56 32 14 33 25 77 58 179 32 167 210 137 55 91 15 33 66 33 
11.800031 48 47 51 729 69 19 174 26 59 33 12 34 22 73 60 173 33 166 212 124 58 83 17 31 63 35 
11.850038 43 46 48 701 64 20 175 24 57 34 12 35 24 72 60 178 34 166 211 127 52 87 15 30 69 34 
11.900042 40 46 50 694 64 17 172 27 56 31 14 31 23 75 57 169 31 159 197 114 47 83 16 29 59 34 
11.950032 40 48 47 682 60 19 181 23 54 34 11 34 24 76 55 169 31 157 204 126 43 85 15 31 59 34 
12.000029 38 41 50 679 64 18 171 24 54 26 11 34 23 74 51 170 31 158 202 121 44 84 14 27 55 33 
12.050047 37 41 50 656 64 19 168 23 53 30 12 31 22 74 48 162 32 159 205 124 44 82 17 30 53 33 
12.100029 40 47 49 649 58 19 159 24 54 28 12 32 24 72 54 162 32 146 195 120 42 76 11 29 54 34 
12.150043 39 39 47 637 60 18 159 24 59 26 10 34 22 70 48 158 31 143 194 124 40 82 18 30 54 32 
12.200030 39 45 50 627 61 19 158 25 56 28 12 33 22 68 45 149 29 145 185 126 42 79 14 29 52 28 
12.250038 38 40 48 625 57 19 157 23 50 26 12 33 25 71 50 146 27 138 191 117 37 80 12 30 53 30 
12.300047 39 42 48 602 57 18 156 24 48 26 11 30 23 69 46 142 27 145 188 121 40 70 15 30 50 31 
12.350034 38 45 50 594 52 19 155 23 49 26 11 29 23 71 47 143 26 137 174 119 37 71 14 29 46 29 
12.400034 37 41 45 585 53 18 156 24 47 20 8 31 23 69 47 139 27 140 181 115 36 69 12 30 48 27 
12.450047 36 33 46 565 49 19 155 23 45 25 10 26 21 69 43 140 28 141 166 123 39 68 13 29 50 27 
12.500037 38 36 46 561 53 18 153 22 46 23 9 25 21 69 47 129 26 136 165 121 38 68 13 30 48 25 
12.550062 34 35 47 552 53 19 154 21 44 21 8 26 20 71 44 127 26 145 170 110 36 71 13 28 47 26 
12.600033 32 30 48 546 52 17 148 23 39 24 10 24 23 68 47 132 28 134 163 116 37 66 12 32 46 26 
12.650104 33 30 48 550 52 20 147 22 40 22 9 25 18 72 44 127 27 147 159 116 38 74 14 29 44 27 
12.700054 31 31 44 523 51 18 153 21 37 22 9 23 17 70 45 126 25 140 160 104 37 65 12 29 47 24 
12.750048 32 29 44 532 52 18 139 19 35 23 9 19 15 71 45 124 22 137 156 106 39 70 13 29 44 26 
12.800041 31 27 42 521 52 18 139 20 32 21 9 19 16 69 42 125 25 138 152 102 38 69 13 29 40 26 
12.850038 32 30 40 518 52 19 129 19 34 24 9 15 11 71 41 123 23 137 156 107 32 69 13 30 43 26 
12.900043 30 25 43 506 51 20 139 17 34 23 9 16 12 75 40 122 24 129 141 103 37 70 12 30 40 23 
12.950044 28 28 39 511 53 17 130 14 32 23 8 12 9 64 41 120 23 123 146 107 31 68 11 25 33 23 
13.000051 27 30 41 486 52 18 131 13 32 22 10 17 12 63 40 121 25 124 146 105 33 70 11 25 35 26 
13.050046 29 28 41 490 50 20 124 14 32 23 9 15 9 64 41 116 23 115 133 104 31 67 10 26 30 19 
13.100037 28 27 40 476 52 18 122 13 34 23 8 15 12 64 39 120 25 109 131 95 33 68 10 25 26 18 
13.150043 28 29 39 468 49 18 124 13 33 21 10 16 11 59 41 111 21 104 131 95 33 68 8 25 33 17 
13.200034 25 25 42 465 46 19 116 14 32 18 9 15 10 62 41 117 23 116 133 90 33 70 10 25 25 16 
13.250067 28 24 43 460 50 16 122 13 35 18 9 15 12 55 39 108 22 106 129 87 30 64 9 26 31 17 
13.300045 28 26 40 442 44 14 118 13 28 15 9 15 10 63 41 112 21 101 131 89 31 69 9 25 27 15 
13.350078 29 27 41 426 49 13 114 11 32 15 9 16 12 58 39 103 21 104 129 84 32 64 9 26 33 17 
13.400059 27 22 40 413 45 14 117 8 32 15 9 13 10 58 41 107 23 105 127 84 28 66 9 25 26 13 
13.450046 28 26 41 415 48 13 120 8 29 15 9 13 10 60 38 104 23 105 126 85 33 66 8 23 31 14 
13.500037 24 25 40 386 43 13 107 8 32 15 9 15 12 53 42 101 21 98 129 83 30 61 7 26 26 15 
13.550037 20 21 42 394 47 14 119 7 30 14 9 13 11 58 41 98 22 96 125 82 31 59 5 26 25 12 
13.600041 21 22 40 394 45 14 103 8 30 15 9 14 10 51 40 92 21 96 119 84 31 58 7 26 26 14 
13.650037 17 25 41 386 45 13 112 6 29 14 9 12 11 49 37 100 23 91 130 79 31 56 5 23 27 13 
13.700059 17 23 40 376 43 13 103 6 29 16 9 14 10 50 37 94 21 88 119 83 31 57 5 27 20 13 
13.750040 20 22 40 363 39 14 110 6 31 14 9 13 12 48 37 98 22 90 121 82 28 55 5 24 24 12 
13.800083 16 23 37 365 40 14 103 5 28 15 7 14 11 51 36 98 21 89 116 81 29 54 3 25 19 11 
13.850037 18 24 33 354 41 13 98 6 30 15 7 13 11 49 32 86 25 86 115 82 30 60 6 26 21 7 
13.900055 12 21 34 350 39 12 97 6 30 15 7 15 9 48 32 92 20 81 118 79 28 53 4 23 21 8 
13.950055 13 25 33 346 41 15 96 6 30 14 7 13 8 43 33 89 21 82 111 78 29 51 4 25 20 8 
14.000072 14 23 33 346 39 14 101 6 27 15 7 13 10 39 31 83 21 74 117 77 29 55 5 21 17 8 
14.050078 12 20 32 328 39 13 99 6 30 15 7 14 10 41 33 82 26 71 113 81 30 52 4 25 17 9 
14.100041 11 25 32 341 39 13 95 5 22 16 7 13 9 38 33 83 17 71 108 79 29 56 5 22 18 8 
14.150045 10 24 33 315 41 14 91 6 17 13 7 15 10 37 32 77 15 64 105 76 28 49 4 23 16 9 
14.200038 13 23 33 317 40 14 97 5 20 15 7 13 7 40 34 85 12 62 102 73 28 52 4 23 18 8 
14.250039 11 21 33 301 40 12 94 3 18 15 7 14 11 34 31 75 15 64 106 72 24 48 4 23 17 8 
14.300079 11 24 31 309 41 14 90 3 19 15 7 12 9 34 33 68 13 62 105 78 27 47 2 20 15 8 
14.350040 11 22 29 303 38 14 90 3 17 15 7 14 10 31 31 72 13 64 102 70 22 43 4 22 17 8 
14.400066 11 17 25 290 40 13 88 2 16 14 7 14 9 29 32 68 13 61 102 75 16 42 2 23 17 7 
14.450112 11 20 27 301 35 14 87 3 17 15 7 13 8 25 35 68 13 62 102 68 21 43 4 21 18 9 
14.500040 10 20 25 290 37 12 89 3 14 16 7 14 10 30 29 69 9 66 96 68 18 38 3 22 17 7 
14.550058 12 18 27 283 35 9 83 3 12 14 7 13 9 26 30 69 9 60 92 69 17 39 3 17 19 9 
14.600087 12 19 25 265 34 8 84 3 14 16 7 14 10 30 27 68 9 65 92 67 18 38 3 17 14 10 
14.650063 10 21 26 276 34 11 77 2 13 9 4 13 9 26 28 71 11 60 95 65 16 38 2 17 14 7 
14.700050 12 17 26 262 37 9 76 3 14 9 2 13 10 27 28 67 9 59 96 63 18 32 4 18 15 9 
14.750094 10 21 26 252 37 8 75 3 12 9 3 15 9 28 29 66 8 55 95 63 18 34 2 15 13 8 
14.800086 11 17 26 258 33 10 71 3 15 8 2 14 9 26 29 66 8 55 88 65 19 34 4 15 15 8 
14.850055 12 19 23 247 35 10 71 3 13 10 2 12 9 27 25 68 7 54 86 62 17 32 3 14 15 7 
14.900047 11 16 22 238 37 8 71 3 12 9 3 10 8 27 21 64 7 52 84 64 16 32 3 14 13 9 
14.950058 10 18 22 248 36 10 71 2 13 8 2 13 9 18 21 60 7 50 76 59 18 34 3 15 15 7 
15.000049 10 18 24 236 34 10 66 0 15 10 2 11 7 21 19 65 8 51 75 61 17 27 3 13 13 9 
15.050060 12 17 21 221 35 9 63 0 14 8 3 12 9 19 17 58 6 51 64 59 18 34 3 14 15 7 
15.100058 10 18 22 226 34 9 62 0 12 9 2 7 7 21 17 59 7 49 64 59 17 31 4 15 14 10 
15.150043 9 12 23 228 38 10 64 0 14 9 3 11 8 17 16 56 7 47 65 59 13 26 2 15 15 9 
15.200083 7 11 22 206 35 9 63 0 12 8 2 8 8 21 18 51 8 45 62 49 10 30 4 13 13 7 
15.250046 6 12 23 215 36 8 63 0 14 10 2 7 8 20 16 41 7 48 61 47 8 30 2 15 15 9 
15.300089 7 13 21 206 34 10 64 0 13 8 3 7 8 19 17 44 6 45 58 47 9 27 4 14 14 7 
15.350052 6 11 21 196 36 10 62 0 14 10 2 7 7 20 16 44 7 49 57 42 10 30 2 14 14 8 
15.400085 8 10 21 197 34 8 61 0 14 9 2 7 9 18 17 42 8 44 60 44 8 30 4 15 14 8 
15.450060 7 12 20 183 37 9 58 0 12 8 3 7 7 18 17 43 7 47 58 42 10 25 3 13 14 9 
15.500055 6 10 16 183 34 11 55 0 13 10 2 8 8 17 16 37 7 47 54 42 9 29 2 15 15 7 
15.550055 7 8 18 180 36 7 55 0 14 8 3 8 8 15 18 39 8 48 53 36 8 27 3 14 14 9 
15.600064 6 9 18 176 33 7 57 0 13 9 2 3 8 17 15 38 6 48 56 36 10 28 1 14 15 8 
15.650117 7 9 17 175 31 7 50 0 13 8 2 5 8 16 17 36 7 42 58 38 9 27 2 14 14 9 
15.700063 7 7 19 171 34 7 51 0 14 5 3 3 9 17 17 29 7 45 52 34 8 28 1 12 11 9 
15.750094 7 8 18 170 33 7 42 0 13 6 2 5 6 14 17 30 8 42 51 38 9 27 2 11 12 7 
15.800097 6 6 15 165 31 7 46 0 13 5 2 3 8 18 17 30 7 41 45 34 8 27 1 12 12 8 
15.850063 3 7 16 170 32 8 39 0 12 6 3 5 8 13 17 31 6 36 50 34 7 28 2 12 14 8 
15.900190 4 8 18 161 31 6 40 0 12 5 2 3 8 14 16 29 7 38 42 30 6 26 1 10 12 8 
15.950057 3 8 15 152 29 7 36 0 11 3 1 5 9 13 17 30 8 38 37 35 4 28 2 12 13 8 
16.000046 4 7 15 160 30 7 38 0 11 4 0 4 7 15 16 27 7 41 38 30 6 25 1 12 12 8 
16.050070 4 6 13 145 31 7 33 0 13 3 0 4 8 13 17 24 7 36 35 33 1 25 2 10 14 8 
16.100065 3 7 12 157 32 7 30 0 11 3 0 5 8 15 17 27 7 36 37 28 2 23 1 12 12 9 
16.150085 4 5 15 149 28 7 31 0 11 0 0 3 8 12 16 25 7 31 38 31 2 18 2 7 12 8 
16.200050 3 3 12 151 26 7 34 0 12 0 0 5 8 14 18 24 7 28 38 28 1 18 1 6 11 9 
16.250078 4 5 10 145 24 7 27 0 12 0 0 3 7 14 15 24 5 28 36 30 2 18 2 6 10 9 
16.300127 3 5 12 149 27 7 31 0 12 0 0 4 9 12 18 17 5 21 35 31 1 15 1 7 9 6 
16.350075 4 4 12 147 24 7 23 0 9 0 0 1 5 14 16 17 6 24 39 29 2 12 1 6 11 9 
16.400143 4 4 12 147 27 7 24 0 10 0 0 2 7 14 17 17 5 24 34 29 2 14 2 6 8 7 
16.450039 3 5 11 143 24 7 22 0 8 0 0 2 6 14 15 14 5 24 35 32 1 12 1 7 8 6 
16.500046 4 4 11 142 25 7 23 0 8 0 0 1 7 11 14 17 6 24 35 29 2 14 2 6 9 6 
16.550083 3 4 12 137 28 7 21 0 7 0 0 2 6 12 14 16 5 23 33 24 1 13 1 7 5 6 
16.600147 4 1 13 128 24 7 17 0 8 0 0 1 7 11 12 15 5 23 33 28 2 14 2 5 4 7 
16.650246 4 2 10 122 22 6 15 0 8 0 0 2 5 12 14 13 5 26 30 29 2 14 1 4 4 6 
16.700207 3 2 12 122 20 4 13 0 7 0 0 1 6 11 11 13 6 23 29 27 1 13 2 5 4 6 
16.750109 4 2 12 113 16 6 14 0 8 0 0 2 5 8 12 12 5 18 31 28 2 14 1 5 3 5 
16.800180 3 1 11 105 16 5 15 0 8 0 0 2 4 7 11 14 5 15 31 24 2 7 2 4 4 7 
16.850187 4 2 12 108 13 4 12 0 8 0 0 1 5 9 12 12 5 15 26 27 1 10 1 5 4 5 
16.900042 3 2 12 100 14 6 15 0 7 0 0 2 4 7 10 14 6 14 25 22 2 7 0 4 4 7 
16.950087 4 2 11 94 14 5 13 0 8 0 0 1 5 8 12 13 5 14 22 27 1 9 0 5 4 5 
17.000101 4 1 12 93 15 5 14 0 9 0 0 2 4 8 10 14 5 10 22 20 2 9 0 5 4 5 
17.050121 3 2 11 90 11 4 15 0 7 0 0 1 5 8 5 12 5 6 20 23 2 9 0 4 3 4 
17.100042 4 2 12 77 8 6 13 0 8 0 0 2 4 6 5 14 6 7 14 19 1 8 0 5 2 4 
17.150370 3 2 12 80 8 5 14 0 7 0 0 1 4 7 5 12 5 5 12 23 2 9 0 5 2 5 
17.200186 4 1 10 75 7 4 9 0 8 0 0 2 5 6 5 14 5 4 13 22 1 9 0 4 2 4 
17.250315 4 2 8 71 6 6 11 0 7 0 0 2 4 6 4 12 6 4 11 17 2 8 0 5 1 4 
17.301004 3 2 10 67 5 5 6 0 5 0 0 1 5 7 5 14 5 3 8 16 2 10 0 5 2 4 
17.350267 4 2 10 56 3 4 8 0 5 0 0 2 4 6 5 12 5 4 9 10 1 7 0 4 2 5 
17.400221 3 1 8 56 2 5 5 0 5 0 0 1 5 6 5 13 5 3 10 11 2 8 0 5 2 3 
17.450254 4 2 3 44 3 6 5 0 5 0 0 2 4 7 5 13 6 4 8 9 1 9 0 5 2 3 
17.500082 3 2 3 48 3 4 5 0 2 0 0 1 5 5 5 14 5 2 8 12 2 9 0 4 2 2 
17.551710 4 2 1 45 3 5 5 0 3 0 0 2 4 0 3 11 5 2 6 7 2 9 0 5 2 3 
17.600060 2 1 0 32 3 6 5 0 2 0 0 2 4 0 2 4 5 2 7 8 1 7 0 5 2 3 
17.651011 0 1 0 33 2 5 6 0 1 0 0 1 5 0 2 3 6 2 5 8 2 8 0 4 2 2 
17.700274 0 0 0 28 3 4 3 0 0 0 0 2 4 0 2 4 5 2 3 8 1 6 0 5 2 3 
17.750086 0 0 0 28 3 5 3 0 0 0 0 1 5 0 2 0 5 2 2 7 0 8 0 5 1 3 
17.800295 0 0 0 24 3 6 3 0 0 0 0 0 4 0 2 0 5 2 0 8 0 6 0 3 2 2 
17.850077 0 0 0 27 3 4 4 0 0 0 0 0 5 0 2 0 6 2 0 8 0 8 0 0 2 3 
17.900070 0 0 0 21 2 5 3 0 0 0 0 0 4 0 2 0 5 2 0 8 0 7 0 0 2 2 
17.950167 0 0 0 21 3 6 4 0 0 0 0 0 0 0 2 0 5 0 0 8 0 5 0 0 2 3 
18.000154 0 0 0 20 3 4 4 0 0 0 0 0 0 0 2 0 5 0 0 6 0 5 0 0 2 0 
18.050211 0 0 0 19 2 5 3 0 0 0 0 0 0 0 2 0 6 0 0 6 0 4 0 0 2 0 
18.100338 0 0 0 17 0 5 4 0 0 0 0 0 0 0 2 0 5 0 0 4 0 5 0 0 0 0 
18.150259 0 0 0 12 0 6 3 0 0 0 0 0 0 0 2 0 5 0 0 6 0 5 0 0 0 0 
18.200085 0 0 0 15 0 4 4 0 0 0 0 0 0 0 2 0 6 0 0 5 0 5 0 0 0 0 
18.250298 0 0 0 12 0 4 4 0 0 0 0 0 0 0 2 0 5 0 0 4 0 4 0 0 0 0 
18.301813 0 0 0 6 0 3 2 0 0 0 0 0 0 0 2 0 5 0 0 6 0 5 0 0 0 0 
18.350719 0 0 0 3 0 2 2 0 0 0 0 0 0 0 1 0 5 0 0 5 0 4 0 0 0 0 
18.400972 0 0 0 2 0 3 2 0 0 0 0 0 0 0 0 0 6 0 0 4 0 5 0 0 0 0 
18.455187 0 0 0 3 0 3 2 0 0 0 0 0 0 0 0 0 5 0 0 4 0 3 0 0 0 0 
18.501757 0 0 0 2 0 2 2 0 0 0 0 0 0 0 0 0 5 0 0 4 0 3 0 0 0 0 
18.550156 0 0 0 3 0 3 2 0 0 0 0 0 0 0 0 0 5 0 0 3 0 3 0 0 0 0 
18.606438 0 0 0 2 0 1 1 0 0 0 0 0 0 0 0 0 6 0 0 4 0 3 0 0 0 0 
18.650694 0 0 0 2 0 0 0 0 0 0 0 0 0 0 0 0 5 0 0 3 0 2 0 0 0 0 
18.702108 0 0 0 2 0 0 0 0 0 0 0 0 0 0 0 0 5 0 0 0 0 3 0 0 0 0 
18.750090 0 0 0 0 0 0 0 0 0 0 0 0 0 0 0 0 5 0 0 0 0 3 0 0 0 0 
18.806576 0 0 0 0 0 0 0 0 0 0 0 0 0 0 0 0 6 0 0 0 0 3 0 0 0 0 
18.861967 0 0 0 0 0 0 0 0 0 0 0 0 0 0 0 0 1 0 0 0 0 3 0 0 0 0 
18.914785 0 0 0 0 0 0 0 0 0 0 0 0 0 0 0 0 0 0 0 0 0 3 0 0 0 0 
